32
1 4 3 2 

1286
3 17 9 8 15 14 11 16 13 19 6 4 5 18 1 2 10 7 20 12 

1365
19 14 6 20 3 10 17 9 18 12 7 15 1 13 16 5 4 11 2 8 

1159
16 3 20 18 7 1 12 10 5 2 9 4 19 14 17 6 13 11 8 15 

1325
13 16 9 17 11 19 10 6 7 15 1 12 5 20 2 3 8 14 4 18 

1305
5 3 12 10 20 19 9 18 7 17 15 13 4 16 6 2 14 11 8 1 

1228
11 5 20 13 8 17 6 16 1 7 12 14 2 18 10 15 9 4 19 3 

1278
5 16 15 14 2 11 1 20 13 8 6 9 7 17 19 12 4 3 18 10 

1223
17 12 9 2 14 10 18 4 16 19 7 8 6 5 20 15 13 1 3 11 

1291
4 2 20 18 17 15 1 10 7 9 16 13 8 3 5 12 6 14 11 19 

1151
7 19 11 12 16 6 1 13 10 15 2 8 3 4 18 14 17 5 20 9 

1680
18 5 2 17 3 6 12 9 15 10 20 13 8 14 19 11 4 7 1 16 

1729
17 12 5 13 15 7 20 9 11 19 10 1 6 2 3 4 18 16 8 14 

1557
4 9 16 7 2 5 12 13 11 15 1 20 6 14 17 10 3 18 19 8 

1439
3 9 20 18 13 4 16 15 1 10 11 2 7 8 6 19 12 14 17 5 

1502
16 8 4 20 18 14 15 13 9 6 1 7 3 17 2 5 19 12 11 10 

1453
20 8 19 18 16 11 14 3 6 15 13 4 5 7 12 17 10 9 2 1 

1562
19 6 7 10 3 17 1 4 8 20 18 9 2 5 16 14 15 13 11 12 

1609
8 7 18 20 14 4 17 2 5 9 19 3 6 11 1 13 15 10 16 12 

1647
14 12 8 17 4 11 2 20 1 19 16 3 13 18 7 15 10 5 6 9 

1653
5 13 17 9 19 4 7 8 16 6 20 2 10 3 18 1 15 14 11 12 

2410
16 15 10 8 9 12 13 11 5 1 20 14 17 2 18 6 7 19 3 4 

2150
18 3 11 4 5 13 1 12 16 19 15 6 14 10 20 17 7 9 8 2 

2411
5 19 4 20 11 13 1 9 16 8 15 17 18 3 12 2 10 14 6 7 

2262
14 3 18 5 2 8 12 4 6 11 20 15 13 1 7 19 16 10 17 9 

2397
10 9 19 11 15 13 5 2 3 18 17 4 20 12 14 1 16 6 8 7 

2349
18 6 8 20 16 9 17 4 13 15 10 2 14 5 1 3 7 12 11 19 

2362
10 12 16 14 5 19 18 6 7 17 4 2 11 15 20 8 9 3 1 13 

2249
4 2 16 10 20 5 1 14 6 7 3 11 17 19 13 12 8 18 15 9 

2320
1 17 11 8 2 13 14 18 7 3 16 9 10 6 15 4 12 19 20 5 

2277
6 3 17 8 19 15 12 9 10 16 1 2 13 5 7 18 4 11 20 14 

2733
10 36 24 50 39 38 40 46 17 31 41 12 18 6 26 32 49 13 8 5 44 22 43 4 2 34 42 21 25 27 45 16 28 29 9 14 15 47 1 11 33 7 30 20 48 23 35 19 37 3 

2843
50 49 15 10 37 5 45 33 8 14 7 43 28 38 44 2 46 39 22 16 32 18 40 36 9 30 29 17 19 42 6 13 41 27 35 34 21 24 3 12 25 48 23 11 20 26 47 1 31 4 

2640
27 8 22 2 16 24 18 30 35 25 41 7 3 33 46 31 32 37 6 48 34 15 13 1 11 20 10 36 49 5 21 4 45 40 26 9 17 29 28 43 47 19 38 50 42 44 14 23 39 12 

2782
42 26 12 23 50 3 27 13 2 25 14 41 35 16 36 34 22 7 18 19 9 24 47 39 28 15 4 11 10 40 20 5 45 46 38 49 8 37 6 1 33 29 48 17 31 43 32 21 44 30 

2868
46 48 7 3 19 9 29 10 44 50 30 36 32 21 34 28 20 39 13 1 5 24 40 4 18 31 41 8 37 16 12 35 14 2 43 23 22 47 11 15 26 6 38 17 25 49 45 33 27 42 

2850
1 28 21 41 4 33 22 5 35 25 29 50 48 24 36 46 43 20 39 10 16 19 8 30 34 11 3 9 23 15 6 49 38 18 7 17 13 45 44 37 2 32 26 14 42 47 40 27 12 31 

2758
37 43 45 20 49 18 13 12 42 15 25 21 27 5 39 7 23 32 46 6 10 31 35 33 30 9 11 3 44 48 29 17 26 2 36 40 34 14 8 24 47 22 16 50 19 4 38 1 28 41 

2721
7 17 47 34 30 2 10 36 43 50 27 15 33 5 8 23 1 35 14 26 9 21 31 4 18 25 20 37 28 24 6 46 16 44 19 39 11 48 29 45 49 3 12 41 32 42 22 13 38 40 

2576
12 13 1 3 24 29 50 28 9 44 15 39 49 47 33 40 37 5 2 20 30 34 48 18 25 19 21 32 11 26 38 46 31 23 22 36 7 6 41 27 35 45 14 10 16 43 42 4 17 8 

2790
6 34 1 39 19 44 31 33 30 36 48 20 27 8 35 43 2 22 18 15 21 29 11 3 49 24 10 5 7 46 4 13 17 16 47 37 40 41 38 28 42 14 25 9 32 26 50 23 45 12 

3135
44 25 30 42 20 49 32 34 33 31 36 37 43 8 38 29 4 6 14 2 7 47 15 28 11 23 35 46 9 22 17 18 40 3 48 5 13 12 10 21 45 26 24 16 50 41 19 27 1 39 

3032
35 49 24 47 33 28 12 46 10 31 42 23 11 18 25 20 39 34 38 14 5 43 7 3 29 16 50 44 19 6 4 36 21 8 32 37 15 9 40 41 2 13 26 27 45 48 1 17 30 22 

2986
24 28 25 46 10 20 1 29 31 16 4 17 9 47 32 33 34 38 7 40 42 3 26 41 48 43 45 23 2 12 30 49 19 35 13 22 37 18 5 50 15 39 44 11 27 6 36 21 14 8 

3198
20 5 22 37 18 2 44 10 13 39 46 6 41 34 48 36 9 19 16 8 31 14 1 47 40 25 30 28 23 38 4 12 21 29 15 33 7 11 35 26 24 3 32 43 17 49 50 45 27 42 

3160
6 42 1 48 10 46 14 11 33 49 50 38 45 31 12 18 29 36 17 44 2 16 5 30 4 7 25 15 47 40 22 8 3 28 24 9 35 41 39 37 34 13 19 27 20 26 21 43 23 32 

3178
3 45 5 24 44 28 15 38 42 11 40 41 9 10 25 14 33 2 19 13 23 26 6 39 46 1 49 12 29 43 4 30 36 47 34 50 27 21 48 31 17 22 32 8 37 18 20 35 16 7 

3277
26 41 6 27 33 32 17 2 23 46 9 20 37 13 16 44 1 24 19 28 22 5 49 14 10 45 3 50 7 25 43 47 29 39 31 8 30 11 12 35 42 36 38 34 21 15 48 4 40 18 

3123
6 17 11 14 8 1 18 34 20 26 13 35 9 22 16 24 29 50 33 47 2 32 48 3 44 37 45 15 10 23 42 19 12 49 30 31 46 4 7 43 25 27 36 28 5 38 41 21 39 40 

3002
33 44 47 27 23 30 37 39 16 21 18 6 28 35 9 46 32 22 26 48 4 12 42 10 31 8 3 2 11 17 7 41 40 1 14 20 24 34 13 50 36 25 19 45 5 15 38 49 43 29 

3257
11 21 15 49 9 39 17 8 27 38 7 10 6 1 36 42 13 24 44 4 32 16 41 20 26 43 3 48 22 28 25 47 30 37 35 29 46 34 33 5 2 31 19 18 12 23 50 40 14 45 

4082
35 43 20 50 45 31 5 10 33 26 6 8 36 42 29 41 46 47 28 49 32 1 13 16 34 12 48 2 38 7 39 22 17 40 11 23 14 37 21 24 18 19 9 15 4 30 44 27 25 3 

3921
33 20 32 43 38 49 37 45 50 14 36 30 39 1 19 17 11 41 42 31 26 15 6 44 35 23 46 29 5 25 40 47 18 10 22 12 13 34 7 48 2 28 4 16 8 21 3 24 27 9 

3927
24 27 19 12 14 8 16 45 28 22 5 46 11 2 17 32 39 9 38 4 31 49 47 21 43 48 26 3 7 44 34 20 37 18 6 36 33 41 29 23 1 30 15 13 25 42 10 35 40 50 

3969
20 4 8 21 24 1 45 3 36 44 49 13 17 16 22 23 38 14 12 31 7 40 11 33 29 30 32 46 35 47 15 9 43 5 6 2 10 50 39 41 37 48 27 42 19 25 18 26 34 28 

3835
40 48 2 4 19 25 31 23 33 49 32 15 5 28 34 18 26 36 42 45 10 22 6 38 8 39 16 44 35 27 46 13 21 50 7 20 3 14 41 37 12 24 29 47 17 43 9 1 30 11 

3914
14 21 13 50 33 5 45 16 37 42 20 47 49 40 32 31 12 46 11 28 36 15 39 8 17 18 23 29 1 25 30 7 9 41 19 43 24 4 10 6 27 2 22 3 35 34 48 44 26 38 

3952
20 4 15 2 46 23 43 29 12 38 14 28 11 5 34 49 27 22 24 41 45 10 36 13 31 26 50 47 40 37 17 48 18 35 9 8 39 19 33 32 30 21 3 42 1 7 6 25 44 16 

3938
32 20 6 28 38 26 22 3 8 33 12 13 21 25 41 16 18 49 27 30 42 7 4 47 11 5 35 48 45 9 37 24 43 29 17 34 31 15 36 19 39 50 14 40 2 10 46 23 1 44 

3952
35 14 37 9 28 32 29 26 8 1 6 38 7 12 46 18 24 41 10 17 3 50 34 45 49 13 42 31 11 48 5 21 36 16 47 27 22 23 33 30 43 39 4 40 19 2 44 25 15 20 

4079
36 19 1 33 22 15 42 10 37 14 4 50 47 7 21 9 8 18 20 28 31 27 44 39 3 38 23 43 49 24 32 35 25 5 17 29 13 45 41 40 6 2 11 12 46 26 16 30 48 34 

5519
10 93 84 19 60 50 71 68 46 56 65 72 24 40 29 58 12 35 33 34 5 7 77 87 64 26 32 96 85 90 21 14 53 95 74 98 13 4 99 28 80 39 3 62 47 54 15 97 16 69 83 38 6 36 49 31 45 78 18 42 89 51 17 94 27 11 52 48 25 67 8 92 44 2 22 9 91 37 70 76 73 79 88 86 41 81 43 75 100 57 82 63 59 23 61 20 30 66 1 55 

5348
46 83 16 33 60 98 15 88 76 77 86 45 20 80 5 25 10 29 92 65 39 58 53 43 8 69 31 100 68 37 93 40 79 66 7 61 34 90 54 67 6 51 70 42 57 19 14 59 24 26 9 3 1 28 12 94 78 47 85 89 48 56 23 95 27 22 11 81 91 32 36 35 71 55 97 96 41 50 18 38 87 63 84 21 74 64 4 17 30 2 49 44 62 82 13 72 73 75 52 99 

5219
94 68 82 28 41 89 17 1 38 97 51 42 11 12 30 10 25 23 90 61 96 58 32 43 2 77 57 65 31 14 70 16 45 40 100 86 62 39 59 19 75 95 34 22 67 91 21 88 6 92 79 18 54 81 99 44 24 53 56 80 13 46 60 74 37 69 47 49 93 35 78 50 83 73 15 33 29 84 20 52 4 98 3 66 76 63 72 8 85 87 27 71 7 26 5 9 64 48 36 55 

5023
21 96 51 57 37 67 20 45 59 80 23 52 79 28 49 78 18 95 66 82 9 83 81 7 92 88 70 31 54 32 73 64 98 33 10 40 26 69 27 2 11 89 3 1 43 44 6 4 65 39 85 16 15 55 90 75 12 19 74 68 100 47 41 48 36 8 87 94 5 53 29 34 24 30 62 25 35 84 17 71 86 72 58 76 99 13 22 97 91 63 50 60 46 61 42 77 14 93 56 38 

5266
12 2 98 24 74 77 41 51 21 68 50 11 87 57 58 10 94 82 97 86 5 75 16 78 79 72 64 47 8 88 4 29 44 33 70 67 92 84 99 7 28 69 56 20 93 60 27 96 55 100 85 54 71 73 25 15 59 35 65 81 40 62 95 48 38 34 9 45 42 43 89 23 14 80 13 6 32 26 31 19 3 46 30 49 52 36 18 91 37 90 61 66 53 17 76 39 63 22 83 1 

5139
54 49 70 1 47 29 21 69 20 83 73 8 39 90 92 72 6 4 86 80 61 53 91 56 37 3 85 88 95 97 57 27 42 98 50 34 31 78 44 7 68 67 5 99 26 100 71 9 96 82 14 17 33 12 46 22 40 76 28 23 16 51 24 65 48 59 64 30 25 93 10 52 45 11 87 13 35 62 58 63 43 55 75 60 74 77 15 41 2 19 79 81 18 84 66 89 38 94 32 36 

5259
79 35 50 13 20 62 89 98 77 64 96 75 7 45 16 80 12 40 19 91 2 14 66 85 76 81 86 11 24 8 99 18 21 100 69 46 27 3 29 10 49 67 42 68 92 53 94 9 61 78 41 17 44 87 60 30 63 26 95 83 37 52 39 84 51 74 65 56 25 23 34 88 31 36 93 47 48 57 59 90 33 54 43 82 58 73 97 70 4 72 1 38 32 15 5 71 22 55 6 28 

5120
56 29 21 83 86 74 42 91 64 87 52 80 17 27 85 76 35 73 67 8 9 30 22 46 70 45 12 6 49 75 1 65 96 14 2 59 36 41 90 25 79 43 54 31 69 57 26 7 34 48 18 32 13 68 62 47 44 93 16 100 24 19 84 72 15 39 5 89 77 71 51 88 20 97 33 11 92 37 60 23 58 78 94 81 4 3 10 38 63 28 50 61 95 99 55 82 66 53 98 40 

5489
70 9 4 24 47 48 60 84 72 57 6 43 19 63 75 53 49 95 28 51 58 29 40 44 73 21 2 59 16 34 93 81 100 83 54 80 55 1 11 5 98 65 35 85 96 32 23 45 79 33 86 12 67 68 50 20 36 38 87 66 71 37 74 52 94 92 99 61 42 56 41 78 31 88 77 30 14 22 3 25 7 76 89 46 62 64 91 13 26 39 82 27 15 8 18 69 10 97 90 17 

5341
20 74 27 62 75 55 50 65 92 29 83 31 90 26 69 9 32 23 98 42 24 68 44 11 54 87 28 91 15 81 94 56 49 67 60 18 61 57 73 72 22 33 93 79 19 43 99 80 84 4 64 100 51 58 1 95 63 71 66 97 12 48 34 88 82 40 17 30 13 39 5 53 14 59 86 41 16 96 6 45 78 76 77 3 25 89 36 52 21 8 37 85 38 7 10 70 35 47 46 2 

5846
70 37 44 21 45 58 15 87 36 72 77 5 91 64 93 35 74 62 60 20 51 29 2 83 95 67 82 34 33 96 31 89 28 47 98 57 88 14 42 49 80 41 85 75 73 92 16 65 46 4 6 32 1 61 53 76 71 22 97 66 23 50 55 39 25 10 100 68 7 8 90 86 9 11 19 48 94 18 79 81 43 17 69 52 27 54 13 84 56 24 30 38 3 59 78 63 99 40 26 12 

5453
95 46 49 54 12 8 2 66 3 65 87 27 77 64 74 98 43 89 59 47 62 79 73 22 9 50 57 71 68 88 72 97 60 18 81 11 91 85 78 16 14 41 32 31 20 37 96 15 61 6 67 42 58 29 17 19 40 82 38 52 94 93 26 69 34 5 13 83 25 48 45 100 1 80 55 84 35 75 30 70 53 21 90 92 4 76 63 33 56 51 23 28 99 36 10 86 44 7 39 24 

5824
45 22 21 58 96 38 54 64 83 42 51 65 87 34 73 27 99 66 41 49 94 61 5 56 89 12 88 63 92 15 40 72 6 78 32 25 9 13 30 67 10 74 86 3 39 100 52 26 84 35 23 7 93 50 76 79 90 95 2 62 80 14 28 85 98 75 91 77 19 31 70 33 68 8 47 17 71 1 43 60 82 36 59 53 18 48 44 11 37 69 16 4 20 97 24 81 29 46 55 57 

5929
5 24 2 32 40 81 47 56 61 80 60 53 78 58 28 6 30 14 65 99 22 59 76 69 31 96 92 74 48 17 55 43 90 15 83 71 75 70 82 84 21 34 88 27 25 54 12 18 45 87 13 93 8 100 42 86 36 91 57 4 50 67 66 1 9 11 49 63 20 35 16 19 10 94 51 62 52 23 38 73 29 3 37 33 72 46 89 7 44 77 79 41 26 97 39 98 68 64 95 85 

5679
79 83 65 33 75 56 88 97 80 10 1 48 57 63 30 42 20 29 90 99 72 2 23 85 7 71 27 39 41 49 53 12 87 5 13 100 62 37 38 91 58 36 22 25 94 44 43 74 66 32 28 4 59 24 70 73 34 84 21 68 17 93 98 61 77 76 16 11 18 60 55 89 6 35 69 15 46 96 54 8 9 95 40 64 51 86 92 82 81 19 67 50 14 45 3 47 26 31 52 78 

5375
78 53 9 46 68 79 38 54 22 43 64 6 36 76 47 40 70 20 41 8 67 39 98 48 15 52 25 49 85 84 74 86 77 57 28 42 55 97 2 80 58 18 29 31 30 73 87 94 13 37 33 35 4 62 60 90 23 88 96 72 75 92 69 99 24 93 1 89 34 17 45 5 14 59 63 71 21 26 50 27 51 61 91 81 10 11 100 83 19 3 56 66 16 7 95 32 12 44 82 65 

5704
62 14 56 53 13 99 22 5 52 27 64 83 35 65 47 67 39 79 25 48 86 74 97 8 33 68 37 6 87 4 28 9 7 92 34 71 70 11 91 40 55 23 50 95 45 77 31 80 21 18 43 44 94 66 26 15 17 100 20 82 19 78 30 93 90 61 36 51 75 98 63 57 41 89 46 96 10 60 72 2 58 42 81 49 29 69 32 16 73 85 24 3 84 38 12 54 59 1 88 76 

5760
12 41 90 31 70 76 73 38 56 14 80 72 23 39 98 47 96 97 63 69 55 5 48 86 78 36 94 53 100 9 50 59 99 15 54 7 91 68 89 71 21 81 92 85 32 30 22 19 26 20 57 35 16 24 13 62 18 93 40 75 27 28 60 46 1 43 45 87 84 6 61 4 37 65 88 52 95 83 82 42 33 77 58 8 51 49 29 64 3 25 67 17 74 34 44 10 2 66 79 11 

6032
54 40 38 75 21 60 23 95 3 6 43 18 5 64 62 34 2 48 37 67 49 92 42 83 80 19 84 12 1 66 98 57 44 68 10 15 86 79 41 52 94 29 76 28 77 87 26 51 71 50 33 32 16 30 7 81 82 39 61 35 22 24 31 96 69 97 4 100 13 78 89 8 85 14 55 45 17 93 72 47 88 56 63 36 90 58 70 27 25 53 20 11 46 65 74 59 73 99 9 91 

5918
63 66 57 97 71 46 89 84 100 9 75 17 82 81 52 73 8 87 99 48 78 88 54 68 19 94 72 2 14 15 42 24 79 64 21 47 69 56 80 34 76 30 74 92 55 28 36 4 10 83 25 31 44 22 7 96 18 13 95 70 50 37 86 53 58 1 11 35 45 5 67 85 23 51 39 60 49 61 93 27 98 33 12 90 43 77 16 65 41 59 40 38 3 6 20 32 29 26 91 62 

6541
22 54 47 11 74 77 31 40 24 90 83 55 50 78 65 80 33 59 39 100 30 16 91 27 99 10 20 46 12 21 3 44 28 93 32 14 2 61 9 1 34 37 63 96 67 66 95 70 56 8 4 15 7 35 86 81 45 19 6 53 85 25 23 51 82 60 17 88 79 5 72 76 84 98 48 71 92 89 18 73 68 64 57 29 75 87 62 94 43 58 26 52 97 42 49 69 38 41 13 36 

6523
50 49 69 97 75 68 92 42 76 15 31 1 6 41 54 65 58 73 79 10 3 26 35 44 77 84 66 46 59 43 96 71 30 70 99 64 19 93 100 4 95 63 78 80 74 22 47 51 2 13 9 52 33 61 27 82 87 72 91 23 20 34 40 36 32 53 88 7 21 86 16 8 25 67 48 85 83 60 62 28 37 11 89 24 38 5 98 45 12 81 94 56 14 90 17 18 29 39 57 55 

6639
64 48 92 97 21 41 11 10 23 60 40 37 87 28 56 67 54 5 94 49 82 20 46 71 30 43 9 99 96 4 16 55 42 25 29 51 24 57 8 98 66 47 90 44 1 85 13 91 39 93 88 17 77 35 69 53 52 61 6 78 12 32 89 72 22 26 34 95 58 70 62 84 15 86 31 2 50 33 36 79 27 80 38 75 3 81 14 19 74 76 7 73 68 18 100 63 65 45 83 59 

6557
1 5 44 69 91 8 86 24 63 33 92 98 66 26 2 52 67 78 60 65 32 48 38 84 46 89 58 88 49 73 20 9 64 35 51 77 59 3 29 16 100 18 56 17 19 61 70 71 54 87 43 7 41 45 37 42 22 23 99 72 21 55 10 12 74 83 85 25 90 13 39 15 62 31 96 79 95 76 50 11 28 81 4 94 47 30 68 93 36 57 82 6 14 40 53 34 27 75 80 97 

6695
98 72 10 64 14 38 65 61 71 67 75 70 74 42 2 15 17 33 69 73 45 52 68 20 9 50 28 90 30 23 36 80 12 26 46 55 66 40 82 88 57 86 39 32 62 60 16 76 95 81 92 56 53 37 85 58 13 29 21 4 97 100 3 22 25 43 94 41 1 99 6 11 47 87 48 7 8 77 79 24 31 59 89 27 19 35 49 78 93 34 84 96 44 83 91 54 5 63 18 51 

6664
56 30 82 12 88 33 89 8 39 29 3 7 76 83 78 28 92 1 99 21 57 68 15 2 53 72 97 37 10 80 71 81 43 98 40 96 52 90 26 73 93 91 45 55 9 23 47 4 84 5 27 44 65 46 60 69 20 25 79 18 16 100 32 87 24 48 63 94 74 38 19 58 22 13 64 36 62 66 70 75 85 14 54 31 17 34 6 61 49 95 77 41 42 86 67 50 59 51 35 11 

6632
57 78 49 88 95 93 85 45 75 80 62 30 14 52 20 21 48 96 83 7 84 91 79 92 68 46 39 24 94 32 69 44 89 100 65 3 82 64 77 22 97 99 27 12 87 13 73 19 6 40 81 60 98 58 18 8 37 15 61 16 43 33 2 56 29 90 67 34 11 47 42 17 38 55 36 50 59 31 71 41 9 72 54 4 1 26 66 53 5 86 28 51 10 23 74 63 35 70 76 25 

6739
39 87 21 4 71 72 59 78 18 9 62 43 74 67 33 63 30 56 69 31 3 14 81 12 44 22 32 88 19 79 66 53 16 37 98 45 23 93 17 29 8 36 7 54 77 52 65 41 83 25 35 57 73 24 51 68 76 27 40 99 13 60 86 49 10 64 11 38 75 28 91 89 84 61 6 80 5 50 15 82 2 58 85 55 100 46 42 1 90 95 48 34 70 94 96 97 20 47 92 26 

6677
7 43 50 47 54 96 74 75 45 41 64 59 95 33 1 2 3 9 51 62 88 35 49 90 34 81 86 8 17 68 42 76 23 71 89 58 65 19 44 97 37 70 63 14 31 83 12 15 80 69 56 36 73 39 66 94 82 25 53 16 61 20 78 40 46 10 29 32 99 18 13 92 6 57 55 26 79 28 67 11 38 85 84 4 77 22 30 5 27 93 21 87 24 60 100 48 52 72 91 98 

6677
77 11 34 15 27 20 56 28 81 100 38 35 21 88 67 24 7 1 54 42 51 62 89 6 60 87 79 71 74 47 12 33 23 41 13 25 83 92 98 37 86 40 52 78 48 2 46 72 5 32 65 84 10 97 9 91 95 68 26 18 22 43 8 30 31 4 50 69 96 61 16 66 90 82 14 99 3 76 63 36 94 29 17 70 49 80 45 64 57 44 75 73 39 58 19 55 85 59 53 93 

10942
49 73 188 23 94 98 124 160 1 156 3 71 30 176 152 33 87 155 167 90 149 127 182 110 45 81 36 159 140 57 85 170 151 43 77 142 190 37 109 169 173 161 125 183 172 163 28 198 91 100 150 191 162 164 104 66 158 134 186 123 165 83 120 14 64 197 75 42 193 200 8 53 63 117 2 175 107 129 199 135 194 132 25 18 19 38 69 102 24 189 9 179 154 35 174 26 82 92 115 178 192 97 196 13 17 40 74 108 20 131 89 171 44 181 121 105 116 187 153 118 16 79 185 166 58 11 144 48 128 119 177 32 62 5 54 122 56 96 112 86 7 106 138 70 31 10 12 143 145 101 88 4 60 141 72 126 46 114 184 59 34 139 95 68 113 146 84 55 76 22 52 195 47 21 41 103 80 6 51 15 111 137 27 50 147 130 67 157 93 180 29 168 136 78 39 65 61 99 133 148 

10716
22 42 97 182 109 166 133 183 155 137 55 143 63 158 112 98 181 70 25 15 8 44 65 117 1 33 20 9 7 145 114 88 156 40 93 34 2 184 140 37 24 62 131 190 194 170 195 99 108 146 185 46 118 84 148 152 191 132 164 147 57 163 49 28 113 179 138 78 32 52 125 165 176 75 171 175 54 50 56 100 142 134 12 68 192 67 172 106 160 173 29 38 197 102 85 4 122 83 23 127 110 18 16 31 81 72 6 95 151 199 120 168 162 39 61 89 66 159 87 153 135 77 82 80 51 193 161 43 3 115 71 189 198 116 30 124 11 157 58 154 149 128 169 17 35 14 141 91 90 104 136 86 123 36 94 19 119 41 21 129 59 26 101 200 10 5 186 103 180 107 111 178 60 121 167 76 105 69 150 48 174 74 139 187 144 27 92 53 79 126 196 13 45 47 130 96 177 188 73 64 

11025
83 166 133 97 157 125 20 92 95 126 2 119 134 4 159 25 180 8 1 15 50 62 147 36 129 187 18 57 43 100 183 184 33 128 140 153 82 69 189 141 3 104 115 198 85 60 61 29 66 174 21 72 42 68 146 32 151 84 49 199 148 73 178 175 27 13 123 99 181 22 177 77 38 37 58 34 118 87 86 186 23 9 131 94 132 53 7 28 164 114 182 142 136 63 161 54 158 48 111 120 200 163 74 130 112 124 162 70 109 144 145 122 71 76 64 55 47 41 11 35 197 169 190 107 31 179 137 17 65 149 171 127 14 106 194 165 196 56 105 46 138 193 167 93 6 96 168 75 30 45 156 79 117 113 143 40 10 152 185 188 67 12 19 191 16 172 155 90 98 51 80 160 5 110 139 89 121 81 24 192 26 59 116 170 195 154 88 150 103 108 101 102 176 78 44 173 52 39 91 135 

11057
7 160 196 50 147 17 173 11 90 136 76 153 192 189 120 91 111 134 144 10 25 158 161 71 32 137 199 38 64 61 145 92 130 187 24 69 99 133 59 43 87 62 131 125 132 126 165 178 74 190 170 103 107 106 151 108 119 168 82 185 142 180 195 115 176 56 58 86 15 163 14 102 29 96 146 116 118 124 155 3 47 75 44 26 200 197 191 35 198 174 159 5 182 55 97 27 20 179 2 150 138 188 67 181 66 42 68 30 16 98 9 123 122 83 85 28 40 110 73 36 77 72 34 143 95 93 84 63 164 37 135 1 167 48 49 186 101 89 57 46 175 114 194 127 128 139 141 169 23 19 162 152 109 172 12 129 154 148 52 31 177 8 60 166 41 100 22 113 70 121 53 171 140 65 183 79 94 157 156 18 51 81 21 54 117 104 78 45 184 39 112 6 149 88 193 80 4 33 105 13 

10645
198 99 74 101 58 188 51 192 184 193 46 57 154 106 22 2 96 79 194 186 178 12 123 61 114 146 132 72 55 67 60 40 108 8 150 25 52 32 182 26 4 70 147 164 80 200 91 103 111 189 37 109 17 48 163 155 98 143 175 42 139 160 76 28 125 3 126 7 21 148 16 187 172 13 20 95 152 83 110 18 176 1 141 36 156 183 86 117 119 181 170 15 6 127 10 169 38 113 68 63 121 196 88 56 185 43 93 197 165 54 115 45 142 107 118 49 87 66 161 112 75 151 59 89 41 105 39 23 100 179 190 116 137 180 44 78 129 19 9 199 62 157 130 138 145 5 133 34 102 162 71 47 53 27 104 177 158 167 24 131 11 149 153 134 166 81 122 173 136 191 77 33 64 85 124 73 171 135 29 65 174 50 120 31 140 82 84 97 14 69 168 159 144 92 94 35 128 195 30 90 

10458
85 52 100 36 183 126 23 102 95 132 11 158 153 91 103 112 26 172 55 143 115 60 99 164 39 67 109 25 63 114 187 21 79 173 167 180 111 62 168 190 197 174 12 43 9 159 93 127 76 107 141 70 47 192 146 155 29 128 41 156 34 106 110 176 136 157 182 3 54 92 142 6 125 199 149 59 165 10 116 166 133 42 2 46 65 151 80 162 74 64 82 200 104 120 130 129 22 14 122 185 139 160 148 101 150 170 8 48 16 27 88 198 184 30 50 1 138 49 35 71 169 57 84 175 5 31 75 123 191 105 144 189 15 32 83 140 119 66 193 137 108 113 90 56 24 188 28 44 96 145 38 86 7 81 194 161 163 98 131 20 45 17 154 171 58 118 179 53 152 186 97 196 117 72 177 121 33 19 78 4 37 124 181 61 94 13 195 178 134 87 77 51 18 69 73 89 135 40 68 147 

10989
15 123 198 60 101 135 73 63 11 36 117 165 179 187 147 97 25 50 173 23 170 119 145 52 126 75 111 155 107 41 93 141 104 62 182 194 159 13 76 158 116 100 197 38 105 85 45 35 46 114 6 178 86 108 144 91 181 51 40 53 140 61 154 200 94 184 169 18 88 49 133 143 161 39 160 151 31 34 131 20 56 167 71 142 27 98 10 163 148 80 185 122 3 139 192 37 156 153 102 42 176 4 136 2 7 89 5 72 24 110 129 30 29 79 112 83 120 33 196 70 106 12 32 152 190 99 130 127 150 54 67 109 8 17 77 113 65 199 74 193 103 48 188 66 90 189 174 28 183 162 81 166 125 128 186 82 96 118 180 175 69 146 172 137 134 84 95 138 68 21 55 64 121 19 124 171 157 47 87 195 168 59 164 43 1 22 16 44 132 78 149 115 14 92 9 177 58 57 26 191 

10829
151 43 105 19 154 168 163 180 101 179 2 156 170 131 65 47 197 184 189 66 8 83 70 60 137 118 62 16 191 26 190 92 85 87 28 129 55 24 119 116 94 102 128 141 106 45 72 29 33 73 120 7 150 21 10 51 48 31 132 195 22 134 192 9 177 159 100 122 135 95 20 80 57 110 89 126 64 81 165 71 107 23 115 160 13 54 99 40 155 186 77 37 133 187 121 117 149 130 53 193 158 59 123 138 104 50 6 15 78 164 35 172 124 113 14 41 157 32 42 86 3 39 142 140 136 162 188 174 17 127 98 69 161 36 61 146 91 79 178 147 12 175 200 27 198 5 171 173 199 145 63 139 88 194 109 52 144 44 97 56 196 30 169 46 183 76 143 93 185 103 96 84 11 148 111 125 4 112 152 74 167 176 75 181 82 68 25 166 114 49 34 90 1 18 67 38 58 153 182 108 

10574
124 97 127 20 146 156 158 71 30 199 26 149 187 157 91 178 3 65 151 119 118 18 62 88 138 19 12 24 83 154 181 192 44 141 98 11 110 37 163 175 168 34 49 57 129 137 125 35 196 174 69 5 142 126 64 133 171 17 41 132 128 116 15 59 84 200 78 164 67 176 56 105 136 86 184 169 55 113 22 94 148 188 58 135 77 73 111 186 46 80 159 68 104 194 189 54 29 140 195 100 48 32 162 96 123 72 25 13 167 61 172 45 10 185 122 82 92 16 4 43 23 130 153 81 90 50 108 143 60 99 179 134 182 147 161 9 21 193 6 109 173 93 66 36 47 131 102 180 52 63 87 183 14 38 33 115 190 117 75 7 120 101 152 160 139 2 166 1 114 51 89 95 150 27 8 103 165 85 31 70 112 197 198 74 79 145 107 28 177 191 39 53 106 121 76 170 144 42 155 40 

10807
149 148 138 179 152 177 143 46 14 135 174 39 43 89 31 127 182 176 24 168 65 10 28 193 130 69 85 86 131 157 101 83 25 5 19 165 105 188 166 119 3 106 38 194 32 68 116 9 142 74 186 161 103 197 7 158 77 98 136 53 57 50 52 88 23 154 111 11 117 8 47 2 164 29 196 171 79 187 167 108 151 195 145 185 170 181 73 81 95 169 80 63 75 141 190 153 107 128 175 200 96 126 180 4 70 110 16 172 93 37 40 133 26 61 35 137 1 84 113 17 178 198 191 183 33 21 15 118 150 58 122 112 49 44 124 173 36 67 160 159 189 115 114 34 162 91 82 78 156 120 42 30 99 94 146 144 163 100 72 92 56 54 20 22 45 13 55 6 102 129 59 66 90 48 134 18 132 125 27 199 12 109 60 41 123 62 51 147 87 155 121 64 184 192 139 97 140 76 71 104 

11594
83 76 150 144 14 152 146 138 65 131 95 33 137 91 79 90 94 182 62 163 166 57 66 167 165 170 124 121 93 22 111 133 162 74 59 72 80 89 194 158 42 115 154 96 67 125 17 123 101 69 198 24 172 49 85 105 6 81 135 173 46 13 20 97 179 190 73 164 120 39 122 106 113 187 175 77 145 109 148 147 117 35 197 8 157 4 34 58 129 139 151 12 86 25 153 110 169 191 103 132 92 128 43 143 70 63 183 3 40 119 200 88 48 177 141 156 108 78 195 188 107 41 184 71 28 126 199 176 7 32 31 30 45 61 186 127 47 50 54 161 82 142 51 87 104 99 52 185 116 37 102 1 75 19 181 5 26 192 64 56 171 168 193 18 36 118 140 53 23 136 44 98 2 159 10 130 9 155 178 160 149 15 189 16 196 68 134 84 180 29 174 100 27 112 11 60 55 114 38 21 

11675
56 184 132 136 168 152 146 172 92 25 176 87 163 34 169 11 98 52 70 159 45 150 79 99 18 162 131 61 41 129 74 197 47 60 29 105 5 91 171 153 19 119 73 50 31 142 94 48 30 86 54 90 185 174 167 144 134 58 2 156 49 15 4 175 124 38 109 160 108 158 22 96 135 183 95 117 186 23 35 178 116 103 179 188 78 101 51 200 198 138 165 81 13 154 17 83 123 20 57 155 21 113 8 170 137 148 16 102 77 122 71 149 43 55 85 126 195 187 100 115 107 196 76 6 75 63 64 65 173 28 147 68 192 1 181 182 66 24 161 10 72 118 104 177 93 84 193 32 46 199 189 111 125 127 3 128 145 14 53 67 112 141 27 9 26 82 69 40 151 166 80 88 194 12 33 44 191 120 110 37 42 130 97 89 114 164 39 139 59 121 143 106 190 62 36 157 133 7 140 180 

11852
161 155 113 192 127 169 133 189 30 188 28 167 149 195 35 77 132 186 79 25 100 139 93 143 84 70 85 108 16 110 151 174 57 193 181 146 179 141 122 12 158 117 130 104 154 54 37 178 94 119 163 96 91 11 102 121 24 47 187 3 140 129 15 74 111 148 88 153 183 99 124 128 185 172 45 109 29 39 115 150 69 134 105 147 31 152 4 1 2 82 101 80 118 176 36 72 106 191 51 86 63 21 107 55 78 18 68 95 162 197 22 49 144 196 123 38 17 75 59 198 160 180 137 66 71 5 126 26 165 67 65 20 81 13 64 156 145 14 170 62 164 56 175 182 98 41 136 166 34 46 60 61 194 171 92 32 190 114 173 138 53 58 43 89 177 27 200 168 112 40 157 97 10 23 184 76 135 8 159 83 19 125 73 50 7 90 42 103 116 44 131 199 87 48 9 33 52 120 6 142 

11803
66 16 43 111 7 97 168 26 15 165 175 129 55 174 153 57 1 104 126 87 6 152 191 33 30 139 88 20 177 194 182 21 37 196 29 138 49 64 71 2 109 145 154 150 192 84 40 70 62 58 103 163 149 75 200 46 85 69 189 52 48 171 141 143 108 10 78 59 131 119 102 144 101 95 147 117 86 89 116 134 172 135 96 107 124 23 68 179 17 193 137 74 13 130 14 92 199 83 3 63 53 181 114 54 5 151 161 110 76 128 158 56 25 35 77 98 162 136 121 105 50 187 106 159 157 112 32 127 72 80 113 185 188 164 115 38 4 190 184 173 11 42 12 170 146 169 19 79 198 82 67 44 122 118 140 22 90 100 31 28 176 155 132 73 195 60 41 167 160 91 18 197 166 27 9 123 142 8 61 183 47 36 45 186 148 120 180 93 125 24 156 34 133 51 94 178 39 65 81 99 

11685
171 27 11 26 185 163 83 85 38 175 45 31 176 112 56 160 173 103 150 80 107 2 110 155 118 25 48 167 122 131 151 191 192 91 125 158 41 193 99 14 86 70 68 40 29 120 194 178 8 104 21 72 190 69 154 148 128 33 74 174 109 162 19 76 121 15 100 94 187 111 34 3 57 23 165 147 182 9 20 43 13 73 64 188 59 183 78 179 143 161 89 200 28 30 12 146 35 58 22 61 116 180 5 88 135 184 6 77 47 130 164 129 136 126 84 159 177 42 102 82 46 139 75 166 172 133 96 186 123 63 87 62 4 152 36 170 127 79 169 90 189 197 138 140 66 92 39 196 53 98 10 113 145 51 142 108 44 54 119 141 65 55 153 7 52 101 71 115 105 144 117 198 24 32 156 37 137 95 181 168 195 124 149 134 106 132 114 17 157 1 18 97 60 50 16 67 93 199 49 81 

11629
98 44 145 180 157 117 192 160 80 101 158 16 42 99 35 123 142 107 39 137 141 108 134 85 200 171 74 114 92 177 163 131 96 159 147 165 143 150 82 199 104 103 181 88 22 46 140 29 174 169 95 75 100 167 139 62 50 13 48 149 21 198 154 110 125 161 188 73 36 58 4 69 26 40 191 189 54 64 37 53 31 196 162 135 71 34 120 176 60 195 63 8 47 130 24 66 89 111 152 93 153 185 106 91 166 19 133 113 183 197 129 179 41 193 49 78 173 115 59 3 70 1 2 30 146 105 7 51 67 52 97 56 28 164 119 121 14 122 138 132 172 109 144 83 124 61 65 12 136 57 94 20 87 32 186 126 25 112 43 128 27 33 118 168 184 23 156 18 55 127 182 81 148 190 170 151 38 68 11 72 5 79 10 76 175 45 17 77 9 194 15 6 84 187 102 155 90 86 178 116 

11833
168 117 23 101 65 143 12 131 161 124 99 86 29 9 138 122 105 74 44 70 140 32 175 10 59 106 155 28 27 63 111 14 40 71 72 6 147 154 98 80 18 68 51 69 136 200 146 158 100 50 11 162 66 156 38 7 20 166 116 163 109 47 16 82 183 3 94 26 153 87 89 182 95 157 134 102 189 4 119 198 42 187 169 171 78 114 56 123 46 196 8 83 67 144 145 190 37 49 180 129 57 173 36 92 151 149 142 184 167 137 107 115 33 191 61 174 53 30 35 76 185 60 84 177 24 52 178 110 81 85 90 186 31 54 141 127 176 159 1 172 130 39 88 48 152 188 150 58 104 125 17 118 148 126 45 25 55 62 73 79 195 21 193 93 165 19 77 194 108 15 43 128 112 75 96 133 181 64 160 197 135 139 2 5 91 41 121 113 170 22 192 179 97 164 103 13 34 199 132 120 

11913
119 16 52 192 196 61 29 4 136 30 105 39 86 152 31 90 194 76 179 9 125 10 191 49 108 74 109 53 36 91 157 172 106 135 151 80 51 6 126 96 164 47 37 78 18 184 92 21 12 193 110 195 173 3 15 8 139 170 14 124 42 62 199 137 197 154 87 41 148 143 131 129 161 149 58 142 68 182 40 174 178 187 117 181 13 120 55 166 155 93 98 140 88 145 103 147 57 188 38 107 56 118 81 177 180 185 158 138 186 153 28 46 7 122 35 130 26 128 64 34 19 99 200 167 43 45 82 132 63 95 77 150 97 111 159 17 23 94 75 89 27 69 113 54 11 22 165 114 112 169 102 189 100 1 133 175 123 127 190 67 144 73 104 198 79 101 115 85 66 162 141 44 48 24 59 176 20 84 60 171 25 33 116 32 83 163 2 65 121 71 156 5 70 146 72 160 134 50 183 168 

11673
113 190 191 91 136 103 10 160 120 197 130 54 16 109 23 61 68 69 37 106 34 189 186 199 19 101 17 6 163 158 41 132 46 14 175 177 76 80 123 62 162 90 21 149 105 126 110 184 4 27 39 66 15 42 200 35 74 124 112 167 75 198 111 94 22 12 60 85 102 70 131 104 31 116 81 144 115 188 59 118 182 153 43 13 146 134 125 154 161 57 36 181 64 97 150 18 82 170 194 47 40 9 122 52 33 138 174 169 157 176 108 5 88 93 86 137 29 141 193 155 133 179 44 119 51 26 72 127 53 58 30 145 95 49 183 192 65 139 38 28 196 45 195 1 56 128 171 164 178 63 67 187 114 87 92 78 156 143 152 77 185 73 151 140 48 165 172 107 71 159 11 96 100 121 7 55 142 166 84 147 148 20 89 32 99 79 25 3 168 83 135 173 117 129 24 2 50 180 8 98 

11869
131 121 86 50 72 196 14 21 30 67 132 45 189 157 59 94 155 106 113 128 178 161 149 140 159 87 48 125 15 109 84 55 124 141 153 146 119 114 118 29 111 32 53 46 145 168 98 9 20 51 76 68 184 95 167 61 182 62 117 37 179 41 80 74 144 36 164 16 2 147 52 120 44 163 38 192 54 190 139 33 26 138 70 34 5 183 122 166 152 158 91 115 99 148 170 71 17 90 19 171 79 96 39 100 78 110 24 195 102 25 58 129 177 63 136 66 65 151 81 162 116 188 176 104 1 173 194 185 89 101 193 123 64 97 133 186 198 13 3 23 187 31 73 82 28 27 134 69 57 22 200 43 199 35 8 88 56 107 75 127 77 180 85 175 135 112 126 191 156 83 105 10 7 18 143 130 108 4 60 103 169 40 11 181 93 92 160 150 172 12 154 142 197 49 137 42 47 165 6 174 

26670
145 452 128 288 112 295 496 407 79 431 325 273 216 261 159 58 369 88 475 135 181 54 276 228 91 476 189 16 268 43 341 53 61 110 83 338 155 411 417 347 192 124 450 238 451 408 293 321 340 114 45 307 108 324 256 379 208 225 49 306 218 398 99 163 459 461 19 469 282 287 328 497 144 10 354 270 90 372 442 234 286 120 423 323 302 193 138 425 380 68 279 21 22 227 327 329 101 111 350 231 245 344 335 280 485 39 472 226 412 217 214 127 109 242 377 499 190 440 123 76 289 396 153 481 304 385 449 257 78 240 296 139 337 474 104 298 263 388 482 64 3 4 364 381 274 212 47 38 87 470 209 2 432 147 23 96 299 236 221 103 219 314 143 498 241 248 458 204 52 17 5 393 264 490 232 198 56 156 157 7 410 97 146 102 48 57 183 259 41 435 487 224 370 246 376 480 213 164 165 361 333 162 182 187 427 59 409 186 185 244 201 121 437 167 169 235 35 386 479 285 394 37 277 243 488 210 207 25 222 414 493 421 371 174 303 494 392 166 86 443 44 254 378 362 419 34 173 161 460 326 252 199 89 176 391 31 74 384 36 105 6 150 188 46 148 433 401 492 98 418 294 258 353 358 107 275 322 152 383 126 484 1 206 311 184 374 272 24 200 446 69 81 478 355 220 467 457 441 11 197 310 486 172 297 132 415 346 402 250 439 464 141 51 351 149 50 500 100 429 301 195 129 271 477 367 77 416 283 30 80 483 265 290 404 260 136 491 177 363 93 179 253 130 375 342 178 133 125 60 42 28 313 426 92 106 113 12 438 202 142 334 454 466 420 203 66 29 180 319 352 8 365 18 373 215 473 230 403 390 465 343 332 40 356 318 116 448 320 211 65 348 73 205 406 278 336 339 434 247 117 462 62 345 455 436 471 27 160 292 134 168 196 397 399 405 284 255 151 137 308 122 349 316 82 233 229 495 444 267 154 395 266 281 251 305 175 368 312 9 331 357 171 424 330 20 26 115 249 489 85 453 63 15 317 387 291 14 456 366 84 71 75 445 315 382 309 413 359 170 140 13 131 447 119 194 262 118 191 95 360 430 237 389 468 67 463 428 158 239 72 269 94 400 32 70 223 55 422 33 300 

27232
8 378 150 498 442 253 148 422 271 57 282 256 244 362 318 410 159 76 20 350 482 348 50 472 395 261 279 468 493 412 230 289 343 93 18 338 178 140 161 252 365 268 69 232 138 55 62 172 213 4 120 311 177 483 449 162 357 314 74 269 488 322 478 101 475 70 34 221 274 169 78 481 202 10 214 291 450 90 490 65 206 409 421 364 241 423 173 390 108 471 116 305 306 354 179 416 464 203 247 229 309 122 17 49 403 84 27 145 352 277 157 180 340 181 384 335 46 146 467 126 440 117 360 292 466 288 452 12 176 67 199 15 386 196 287 198 304 356 401 465 210 446 104 495 29 188 81 135 307 324 448 111 9 86 238 124 112 248 166 194 151 191 147 153 463 443 377 228 237 407 394 155 220 346 405 477 344 92 283 119 207 459 114 107 415 121 487 349 186 479 398 444 293 89 272 369 303 462 400 103 152 417 351 79 399 425 234 408 397 249 19 174 222 456 250 326 331 445 59 341 385 492 325 216 366 379 204 489 441 370 308 359 382 263 52 327 427 298 218 500 393 363 424 428 185 470 85 347 25 209 342 14 11 257 258 41 129 239 219 375 361 383 426 233 319 499 380 310 130 278 389 195 301 313 42 411 106 190 451 264 374 419 215 455 406 37 474 368 51 164 453 345 404 58 33 321 113 54 273 68 217 497 94 317 494 22 168 183 5 21 240 100 125 187 285 96 337 170 72 491 476 35 297 433 290 158 329 381 66 223 227 137 154 200 118 83 413 315 275 469 99 23 330 189 296 1 149 115 460 143 208 167 71 16 156 294 142 13 7 372 132 436 276 485 267 123 105 211 165 133 402 226 95 30 320 39 418 480 3 243 328 302 484 280 193 376 60 24 437 128 259 353 6 299 355 246 391 160 80 295 420 224 266 47 281 431 255 2 438 457 414 236 371 265 396 139 339 131 201 171 40 367 43 284 73 251 486 334 87 175 245 98 225 458 182 300 235 392 77 430 45 197 434 496 110 32 432 26 134 336 231 254 358 212 388 192 144 88 127 435 61 373 454 439 109 260 91 141 387 286 97 31 53 136 64 38 312 56 82 270 184 333 447 28 323 48 429 102 163 205 461 36 242 75 332 473 63 44 316 262 

26848
31 329 28 162 443 38 99 90 389 261 225 310 479 89 46 91 66 303 402 93 238 454 44 244 308 253 160 431 163 393 466 304 337 288 482 365 284 305 448 120 419 333 316 494 490 361 10 55 74 497 41 315 56 2 170 425 421 354 167 87 317 111 473 492 275 222 123 48 138 474 464 96 391 268 65 435 254 103 460 379 207 176 52 491 47 187 344 181 368 366 101 477 398 212 35 372 499 184 299 5 481 95 73 136 211 363 338 19 279 395 4 174 194 364 449 119 429 39 146 13 384 245 437 76 397 369 331 455 471 495 130 219 50 102 326 204 281 124 420 433 396 86 274 252 203 442 374 485 83 214 500 45 29 70 75 292 390 117 313 414 226 227 62 37 294 132 424 53 61 82 463 381 78 161 356 404 131 335 152 392 422 23 8 342 108 215 302 42 406 228 394 307 34 314 17 110 221 487 367 309 242 256 434 177 283 399 265 446 109 92 147 234 453 129 114 246 444 240 411 388 24 484 278 498 113 409 349 1 121 216 202 322 137 339 280 306 241 213 417 220 180 470 370 452 105 348 94 378 16 154 25 405 173 438 157 270 410 489 325 483 320 486 250 318 468 262 282 189 439 218 18 426 148 54 330 416 195 40 36 236 476 328 291 127 7 436 358 493 264 457 88 97 233 371 179 100 33 447 106 450 347 415 57 382 206 126 134 191 272 98 445 139 15 156 276 340 26 77 321 14 311 237 346 413 269 217 249 168 286 21 224 430 427 135 200 12 469 118 341 178 20 295 171 480 359 49 380 175 223 107 386 3 298 67 142 172 385 72 285 141 79 456 210 465 229 400 351 115 353 355 258 182 185 230 122 58 267 301 407 197 458 69 27 300 155 319 403 183 68 166 266 462 441 277 149 293 144 461 150 257 496 332 199 104 334 188 412 408 125 297 357 190 375 85 145 232 196 63 423 478 451 22 231 51 401 59 116 30 43 208 467 259 128 271 336 290 377 352 158 360 165 6 164 209 60 9 251 289 324 193 248 260 239 140 327 350 296 312 287 205 192 84 373 459 432 80 133 159 32 11 235 273 428 247 153 169 345 376 440 243 343 387 151 383 64 198 71 323 201 488 263 472 112 143 81 475 418 255 186 362 

27055
1 165 203 133 117 293 41 481 276 244 414 446 103 273 383 372 98 359 26 336 191 402 139 171 19 34 363 89 132 228 325 399 82 120 289 268 27 317 151 479 61 17 260 285 40 391 263 343 180 224 11 231 375 278 102 331 172 32 396 258 118 216 39 438 266 279 302 315 300 471 452 158 234 78 344 297 443 199 453 197 73 110 412 154 223 109 351 64 75 145 31 429 386 333 128 147 264 67 419 497 249 30 467 21 250 292 131 357 205 312 135 95 148 83 456 225 127 113 149 5 220 295 68 115 219 226 88 58 301 459 437 487 482 136 252 416 303 368 200 296 212 448 282 430 418 71 188 155 280 91 496 57 415 261 353 56 265 409 20 356 233 152 408 321 53 347 59 146 478 235 10 72 322 210 28 432 298 330 236 466 167 162 164 387 435 362 417 342 161 316 178 350 405 369 254 318 464 66 125 485 490 50 436 275 153 25 196 374 52 229 177 288 332 194 488 346 119 179 29 427 256 271 364 114 33 468 410 455 87 365 12 257 2 184 222 483 323 218 451 392 445 166 185 341 499 492 49 241 195 213 348 245 493 379 81 18 201 367 9 424 112 60 457 44 202 143 247 129 472 394 380 198 237 473 47 108 404 253 390 498 441 16 156 208 475 373 385 77 366 393 107 274 450 308 338 395 423 90 6 240 62 43 232 217 144 352 137 470 465 425 65 324 24 251 340 168 63 214 189 284 305 204 494 486 92 97 329 462 420 398 334 491 15 246 190 211 37 310 69 55 80 326 360 105 169 287 243 242 281 221 500 36 484 337 469 255 173 123 42 320 444 349 45 306 215 4 86 100 176 181 477 401 193 272 439 54 170 130 96 106 13 157 141 290 304 8 474 463 259 388 116 14 230 354 209 248 382 99 269 150 314 319 270 48 22 422 124 175 400 70 111 355 339 79 94 134 23 397 389 440 101 174 313 84 104 291 377 421 267 207 138 187 442 449 431 74 163 238 38 140 370 183 182 447 378 328 411 93 454 309 495 433 311 406 3 376 407 461 277 206 35 76 361 381 335 358 283 51 294 7 159 160 476 85 307 239 426 142 227 126 403 46 121 434 371 489 122 286 192 413 458 186 480 428 327 460 299 384 262 345 

26727
114 100 271 333 81 226 144 274 63 399 313 402 95 102 240 480 17 43 32 65 282 475 249 256 390 433 379 334 483 57 59 297 347 84 1 478 126 266 448 31 197 263 440 94 391 280 89 243 361 409 172 235 133 107 396 205 474 331 33 116 401 183 120 171 415 476 458 305 413 489 244 309 254 429 326 450 246 342 482 446 153 2 62 228 46 195 317 250 427 23 233 66 349 202 20 346 3 500 323 143 103 412 8 388 176 294 472 213 462 223 253 157 354 247 93 463 321 191 18 117 382 357 362 468 278 203 74 496 314 328 445 311 296 36 438 14 370 284 211 192 70 75 49 434 386 41 288 29 193 352 106 118 145 196 28 443 30 289 98 130 137 131 371 219 411 80 67 327 439 343 258 83 477 163 110 359 173 199 73 416 261 149 417 87 353 310 457 408 267 454 418 255 318 72 56 459 237 286 88 129 406 292 407 380 364 366 156 492 251 61 300 367 214 322 491 121 22 34 222 248 435 387 123 37 291 385 186 138 404 55 227 358 374 42 268 229 115 464 151 293 316 465 21 339 224 113 208 231 236 232 5 257 25 128 181 218 324 392 456 178 377 39 78 461 315 206 168 423 470 419 97 216 166 345 319 276 185 356 469 460 451 447 336 426 165 150 90 35 180 285 124 79 471 378 161 410 141 335 325 499 159 479 6 175 442 135 485 53 368 142 210 51 260 337 395 272 101 344 394 69 68 350 238 167 340 262 47 154 484 279 332 494 239 225 160 122 453 455 209 158 338 200 234 155 441 290 19 119 422 13 381 436 449 242 82 428 425 360 44 400 330 64 132 283 24 287 389 170 111 431 182 9 194 365 140 7 277 58 104 174 414 152 301 198 40 217 245 486 495 212 50 220 363 384 488 269 452 355 77 437 86 403 147 10 270 85 420 27 38 487 26 221 109 127 295 383 187 204 259 136 48 92 281 302 298 306 164 252 16 493 188 162 148 4 432 303 139 424 207 91 405 481 190 134 299 112 490 466 265 307 179 125 215 329 430 372 375 369 96 308 421 189 473 467 320 11 275 273 177 54 241 76 398 304 393 12 45 497 230 105 169 376 341 60 373 99 108 52 348 264 498 351 397 146 184 71 444 201 312 15 

26992
369 154 80 451 424 108 285 346 133 63 12 447 283 156 196 298 177 296 14 149 363 277 247 362 174 312 241 37 43 320 84 495 77 348 393 41 476 263 119 158 419 25 395 357 24 18 294 163 167 38 148 207 245 141 489 117 104 490 291 23 20 268 377 205 388 264 9 155 30 197 259 178 459 295 137 216 31 356 470 127 75 316 472 26 218 463 367 240 210 315 233 381 21 161 300 496 402 467 484 143 139 487 39 475 297 486 219 417 325 150 19 72 279 142 497 401 6 89 257 203 194 412 200 2 306 446 5 400 47 238 220 322 361 353 107 366 73 222 44 443 326 11 135 183 335 318 130 261 138 313 460 126 441 301 105 55 278 103 411 249 420 478 423 252 56 179 153 118 491 36 28 473 251 452 350 69 289 308 208 128 288 96 186 494 206 4 86 1 408 450 274 477 340 439 168 99 64 421 230 331 405 34 235 132 267 42 432 147 115 355 229 217 239 281 113 136 45 321 364 485 404 275 95 342 187 359 286 290 299 365 344 425 330 93 427 213 414 94 471 435 189 214 88 370 7 374 100 140 307 276 371 60 345 431 266 53 66 292 385 382 232 8 71 50 81 3 304 375 29 498 354 15 199 237 481 52 422 124 198 383 146 415 407 479 449 114 145 409 125 27 453 493 17 201 248 90 49 212 338 192 102 445 465 10 310 334 181 256 309 16 106 171 390 271 499 426 454 243 492 242 204 389 387 434 166 466 341 48 76 74 22 444 418 79 462 226 314 319 159 152 391 328 121 272 352 164 227 228 442 303 57 379 373 394 250 176 180 193 211 134 269 120 91 433 191 170 483 225 157 184 202 144 97 151 244 236 185 35 293 173 376 129 349 474 265 82 165 305 372 436 384 188 302 51 480 337 253 410 488 190 343 430 406 392 231 324 282 215 54 416 65 195 329 109 311 386 32 500 378 428 333 67 246 112 68 440 70 464 33 398 255 221 403 455 397 360 448 110 59 122 169 336 396 234 317 46 223 85 270 260 458 175 339 101 131 61 160 332 13 457 111 116 351 273 287 87 92 358 280 469 258 380 40 62 162 437 399 347 209 284 468 172 482 78 438 456 327 413 83 429 58 182 461 368 323 262 224 254 98 123 

26797
464 444 312 112 326 320 461 237 278 438 5 113 17 93 472 234 140 7 247 390 310 462 447 115 500 477 22 194 405 265 360 352 416 241 473 295 141 260 228 102 62 182 454 203 117 216 176 238 388 459 422 426 145 236 242 475 142 303 156 133 458 57 493 324 162 379 68 222 26 178 290 254 54 397 187 196 8 263 27 445 104 151 495 398 20 321 448 31 395 270 378 144 85 19 111 308 243 106 300 48 421 232 150 430 307 212 97 412 91 296 316 256 52 47 36 173 337 43 277 252 209 128 471 64 70 3 118 69 184 269 336 407 44 197 335 149 334 257 155 239 455 344 218 13 166 325 135 351 488 264 482 110 330 153 280 2 481 146 478 304 224 148 214 391 371 485 127 109 443 169 431 119 322 491 180 86 191 370 350 432 114 25 328 451 480 12 78 460 116 136 287 249 9 341 342 367 332 490 206 33 193 408 139 401 457 134 105 393 11 359 55 452 159 275 221 442 208 425 50 483 286 185 383 74 71 179 470 233 217 72 289 189 170 15 309 372 409 271 355 107 392 299 319 177 49 449 188 175 125 181 440 333 51 101 463 126 220 172 419 429 67 100 198 499 137 361 37 219 281 171 362 225 292 30 387 120 314 158 272 399 250 411 386 192 268 414 143 329 130 246 29 424 215 384 200 211 376 132 89 349 415 294 131 365 389 285 40 183 434 99 301 400 327 366 186 273 418 10 428 474 380 92 59 466 446 164 245 41 279 498 402 439 129 124 199 291 262 435 204 357 258 356 152 14 235 468 274 24 167 311 201 317 413 302 354 331 288 87 255 229 293 66 369 346 79 230 53 476 147 297 486 467 261 373 63 417 207 347 1 318 343 38 108 94 77 35 18 32 90 437 420 494 340 65 284 453 163 487 95 348 174 339 338 394 404 305 61 381 484 375 227 456 253 441 266 450 46 75 492 58 160 76 202 83 403 39 60 240 23 56 81 323 489 82 28 313 4 123 496 226 353 315 406 42 382 465 368 374 248 21 436 34 165 154 157 73 98 364 396 358 276 45 223 282 377 433 168 423 103 84 267 306 283 138 497 231 122 205 410 161 6 259 121 427 469 479 80 16 298 190 96 195 251 213 345 385 210 88 363 244 

27138
6 191 432 129 453 382 85 428 478 113 23 121 429 336 170 462 447 230 322 37 220 385 264 346 199 372 94 456 337 281 344 248 118 233 303 351 241 285 442 461 84 159 495 228 53 205 135 306 377 198 312 397 493 46 54 177 257 263 189 33 116 106 172 391 457 403 207 76 350 39 203 311 358 174 184 268 148 225 424 145 309 52 55 42 222 41 240 431 450 126 277 437 49 156 112 494 193 252 438 409 107 488 192 152 304 109 355 15 24 338 92 347 47 441 131 376 253 227 411 45 149 195 406 463 93 95 384 389 77 261 125 361 292 283 114 479 237 259 28 305 300 70 209 484 386 10 472 404 315 29 381 258 232 485 59 40 99 137 401 317 169 486 254 367 301 163 212 132 161 133 235 147 61 342 9 27 88 139 491 272 423 180 287 426 468 78 319 66 238 218 370 371 62 239 181 308 369 373 335 276 483 331 260 471 68 407 467 100 329 314 224 247 460 414 490 165 213 8 469 245 375 208 274 153 323 378 157 500 296 86 388 310 124 136 476 487 408 334 499 458 278 71 396 307 415 481 427 436 234 480 360 279 57 119 7 477 417 167 216 452 162 200 30 343 117 202 455 284 451 265 289 249 115 420 246 1 359 34 158 353 288 368 101 51 44 348 298 364 190 144 25 383 141 443 176 31 160 434 294 297 211 12 497 74 295 154 182 140 72 179 280 171 266 405 19 271 345 341 50 104 90 473 91 21 498 22 65 413 82 395 357 168 251 196 96 63 398 293 175 444 60 379 142 326 410 422 111 244 79 56 433 393 362 155 43 267 217 236 18 325 81 3 214 492 387 110 123 183 58 435 87 5 185 201 130 151 2 354 459 333 449 327 440 210 349 36 231 48 187 223 399 122 173 339 80 470 299 302 255 75 394 445 256 363 282 318 186 188 143 275 250 454 69 32 108 482 412 11 466 83 64 269 316 128 392 38 204 197 330 464 150 178 340 242 390 291 430 332 328 98 226 262 243 134 215 356 26 425 166 97 67 439 448 14 221 365 105 419 16 20 380 418 320 475 474 73 219 446 35 273 120 366 206 496 374 286 138 102 89 421 17 400 4 146 103 290 465 13 402 194 229 164 321 313 416 352 127 489 270 324 

26631
232 355 224 364 424 335 125 285 310 38 405 215 104 7 20 340 201 371 297 249 260 36 350 18 175 431 343 77 410 270 189 200 79 23 48 330 472 139 46 278 369 223 214 428 392 147 162 42 177 395 148 64 444 204 67 280 140 442 206 344 308 404 283 44 152 127 383 418 45 276 461 370 40 57 356 419 217 8 457 326 31 454 86 291 493 470 28 105 342 237 187 399 423 409 110 186 349 21 345 213 12 465 236 309 353 191 262 61 157 338 66 322 58 372 76 193 248 182 212 453 327 216 173 455 171 390 406 198 107 29 243 448 498 153 279 331 174 33 496 294 22 477 113 49 319 130 403 497 154 149 119 16 373 26 317 134 264 452 365 208 98 183 13 106 377 112 257 124 101 159 367 19 108 389 97 68 27 427 115 481 85 284 142 37 263 83 303 244 239 500 348 78 56 358 499 489 417 209 271 443 301 299 70 362 416 242 412 316 388 436 156 250 394 96 88 161 9 75 441 10 74 4 73 434 286 254 50 211 255 190 298 218 287 312 62 11 487 116 265 467 163 137 456 432 288 437 188 341 41 446 387 5 246 34 468 488 164 329 491 445 429 35 24 476 273 463 305 226 328 315 91 155 117 306 51 52 231 80 92 128 422 259 258 293 99 425 281 268 114 430 339 332 401 466 479 272 202 495 458 438 400 59 450 141 138 484 55 151 337 397 222 94 307 334 261 486 439 1 234 447 311 135 103 54 396 219 464 354 381 197 295 228 313 414 185 194 165 143 485 136 238 411 184 267 100 235 451 473 196 475 494 84 207 374 398 87 220 221 169 118 357 53 126 380 421 368 379 129 43 384 375 251 459 199 145 483 304 471 123 144 407 296 378 325 120 386 478 391 39 227 60 266 95 247 323 320 393 230 170 376 318 300 2 282 408 122 482 321 253 176 180 290 347 256 82 81 490 474 402 179 158 133 71 413 382 426 69 277 30 131 195 469 14 102 233 360 480 274 192 132 275 333 17 435 269 160 240 90 178 462 245 146 32 203 433 363 225 229 366 241 415 292 336 168 346 15 6 3 289 351 361 359 63 302 324 121 252 314 420 150 352 93 89 210 205 166 172 109 167 111 449 72 440 25 492 460 47 385 181 65 

26984
16 226 134 44 309 12 316 137 272 245 339 406 230 262 171 150 485 109 412 106 377 396 47 246 225 287 158 447 283 486 376 360 346 453 187 306 219 436 274 111 375 244 155 250 201 114 277 415 249 148 389 168 386 366 363 56 256 43 130 25 85 4 189 410 136 487 381 332 251 311 13 390 122 278 96 378 439 204 152 394 48 45 11 127 304 482 266 365 321 29 455 74 55 221 388 308 131 116 313 31 323 170 320 438 6 142 416 434 113 465 227 446 407 238 192 188 66 380 181 213 374 194 333 233 317 454 33 175 395 211 39 288 214 125 54 291 91 423 135 191 1 22 270 220 379 215 497 172 405 81 451 28 68 392 19 128 247 399 176 297 452 10 334 143 335 314 495 67 404 422 490 296 279 5 290 35 177 470 252 237 408 223 325 217 2 75 421 474 59 242 166 466 46 202 341 129 90 42 197 141 63 108 218 294 76 373 8 92 183 153 38 149 207 463 337 271 302 52 198 77 253 362 60 285 382 331 276 195 425 165 364 273 328 340 151 458 401 489 498 289 154 36 57 30 169 301 299 483 499 236 147 398 353 426 49 475 205 265 427 371 484 409 21 391 200 37 65 89 400 461 435 298 347 449 193 269 88 138 98 358 232 64 119 185 481 20 354 234 445 343 97 70 162 174 281 163 428 385 359 307 383 161 469 7 243 494 295 216 319 471 448 275 450 444 267 132 235 27 117 23 82 104 432 110 120 430 286 443 318 80 324 280 336 330 500 254 83 17 480 18 157 173 133 123 101 156 58 329 93 384 300 403 345 196 367 478 180 293 102 344 209 160 493 355 491 124 179 78 164 145 418 231 199 126 282 356 224 79 349 9 203 303 95 228 94 492 99 457 350 467 159 393 178 348 41 100 72 372 140 34 53 260 442 118 268 419 424 222 259 488 61 258 51 239 417 361 40 456 139 210 496 87 305 368 472 144 263 73 322 206 369 190 86 464 255 284 103 420 312 240 468 429 440 32 402 3 315 184 352 248 257 411 462 121 69 264 473 14 292 212 477 186 397 459 71 357 326 167 476 310 24 437 431 261 414 112 62 338 182 327 441 342 50 115 413 351 107 146 370 105 433 479 84 208 26 229 15 241 460 387 

