permutacja:
0 2 1 3 
cMax: 228

permutacja:
0 44 29 27 17 24 9 20 5 47 4 12 48 6 1 36 3 7 32 45 31 33 22 42 13 46 21 49 10 8 18 28 41 16 37 19 15 23 35 39 38 2 34 11 40 26 43 14 30 25 
cMax: 3026

permutacja:
37 0 27 5 21 9 19 34 10 20 28 48 2 45 17 42 16 18 46 12 4 26 38 6 31 33 23 25 32 39 43 15 8 7 49 36 44 13 40 1 41 30 11 29 22 24 47 3 14 35 
cMax: 3665

permutacja:
3 4 5 6 7 8 9 10 11 12 13 14 15 16 17 18 19 20 21 22 23 25 26 27 28 36 44 0 1 38 45 46 47 48 49 2 24 29 30 31 32 33 34 35 37 39 40 41 42 43 
cMax: 3309

permutacja:
0 38 14 31 4 32 25 40 45 36 23 16 26 19 41 42 47 20 12 28 35 48 10 15 49 9 5 37 17 24 18 1 27 39 8 43 3 2 6 29 7 46 30 33 34 11 44 22 21 13 
cMax: 3191

permutacja:
0 43 24 34 27 3 29 44 42 45 9 8 39 15 16 13 20 19 7 46 26 37 2 6 47 23 36 4 35 5 25 14 49 40 38 22 11 21 12 1 33 17 10 48 18 41 31 32 30 28 
cMax: 3618

permutacja:
18 35 45 3 37 38 4 5 25 2 28 7 39 14 10 8 11 12 48 1 43 27 41 46 9 29 49 22 42 26 34 16 13 36 17 15 44 40 30 31 20 6 23 32 21 24 19 0 33 47 
cMax: 3446

permutacja:
47 0 40 39 27 45 43 22 33 28 31 37 35 48 49 1 14 8 34 15 7 17 6 41 24 36 4 44 19 20 18 11 10 25 42 5 12 3 30 26 13 21 23 16 9 38 29 46 2 32 
cMax: 3821

permutacja:
29 48 4 28 36 13 21 7 15 3 10 24 14 18 22 17 34 38 1 27 2 40 25 46 26 19 23 41 11 31 44 33 32 49 45 42 8 43 9 0 12 47 6 35 37 5 20 39 16 30 
cMax: 3634

